BikesHelmets624_png_jpg.rf.097319b4886d6416f2f7bf3df944cd34.jpg 312,246,341,271,0 82,5,162,75,0
BikesHelmets396_png_jpg.rf.037d38c3632669cee3a961d86015ee5b.jpg 201,10,263,99,0
BikesHelmets447_png_jpg.rf.04f7d31c3ec69a015b776c4aafcbd1e0.jpg 244,5,293,66,1
BikesHelmets68_png_jpg.rf.17ac2c174d7baa506787a9770a501d0c.jpg 218,8,271,60,0 253,46,293,91,1
BikesHelmets25_png_jpg.rf.26407bd609c970189f9eec53e7eef3cb.jpg 115,4,159,58,0 265,46,309,98,0
BikesHelmets434_png_jpg.rf.61442628385271b8f23f83a31d7d3061.jpg 192,8,256,114,0
BikesHelmets755_png_jpg.rf.5dcf3a58ff6eb966a63b761a2c1d2754.jpg 255,3,331,145,0 91,28,163,168,0
BikesHelmets739_png_jpg.rf.63df6a974579d37a25c27ccff6900fb5.jpg 135,39,181,121,1 189,37,235,122,1
BikesHelmets433_png_jpg.rf.639e7100f57ef39cf34a938ecd56dd99.jpg 130,52,171,139,0 286,69,320,133,0 169,86,199,152,0
BikesHelmets76_png_jpg.rf.344cdc0321aaf65942ce5973da89c39c.jpg 41,163,57,203,1 28,175,40,210,1 195,165,225,223,0 174,188,198,248,1 71,195,94,247,1 146,195,177,263,0 359,200,385,262,1 252,205,275,261,1 385,211,415,293,0 247,122,271,172,1
BikesHelmets553_png_jpg.rf.5607264a8974c20343f7e879cbf839c7.jpg 124,28,154,87,1
BikesHelmets330_png_jpg.rf.4fcfe4eef31266f917d2f6314e37b907.jpg 131,9,214,131,0
BikesHelmets476_png_jpg.rf.6c5e3b81ef27c6ce8af210c569e9bb3b.jpg 123,2,206,142,0 283,133,297,168,0
BikesHelmets102_png_jpg.rf.6bc6d292ee31801b348ecd1b3ff56e58.jpg 143,89,181,125,0 255,23,313,85,0
BikesHelmets653_png_jpg.rf.5ca749225366c10f93ca36aec759faea.jpg 173,0,261,156,0
BikesHelmets220_png_jpg.rf.2511258c37c57287f2b13f1b83689b57.jpg 45,136,57,152,0 80,144,98,169,1 258,146,278,172,1 144,147,160,176,1 162,216,183,254,1 220,120,230,138,1 115,123,125,139,1
BikesHelmets79_png_jpg.rf.54ca461e68478205fc5a96b1c3f94652.jpg 213,19,265,99,0 268,7,304,64,0
BikesHelmets418_png_jpg.rf.6d522444a9983bccf8a0a5ef81c3d958.jpg 199,70,241,136,0
BikesHelmets150_png_jpg.rf.347400d070a36faf53bd1ace27a3dd43.jpg 151,71,182,121,0 316,91,336,129,1 129,94,149,130,0 338,91,365,138,1 245,103,270,141,0
BikesHelmets518_png_jpg.rf.3635dbd1f1e0378b580d662970fb2689.jpg 71,101,111,162,0 151,51,185,117,0 299,17,333,78,0 221,89,251,142,0
BikesHelmets377_png_jpg.rf.664d716b175ee7f32384badb2371a360.jpg 51,54,65,87,0 92,47,115,99,0 165,53,179,95,0 17,55,48,107,0 67,63,90,99,0 121,55,149,109,0 175,53,209,121,0 239,63,270,111,0 309,66,357,171,0
BikesHelmets380_png_jpg.rf.1bb24eb3452ab4ff6116987c0ce0fa99.jpg 214,9,291,107,0
BikesHelmets620_png_jpg.rf.177ea52a88ec47e65bd89a0ac5ffdf48.jpg 16,65,34,103,0 202,67,223,113,0 154,75,170,109,0 116,72,140,126,0 320,87,350,139,0
BikesHelmets340_png_jpg.rf.0a5d73c0d1949832e524e68dbce890c6.jpg 36,30,97,100,0 99,34,157,100,1
BikesHelmets55_png_jpg.rf.1041fa060d450bf55a8dff56b133c863.jpg 228,110,271,142,1
BikesHelmets255_png_jpg.rf.10bfe5cfeea280bf51f9501e99a1a892.jpg 233,62,284,130,0 190,56,224,108,0
BikesHelmets479_png_jpg.rf.58b5fd462d2cfa98224b365264a5b18a.jpg 134,15,201,73,1
BikesHelmets378_png_jpg.rf.6e47844d9f395c3e259c87742b629fec.jpg 240,65,337,148,0 201,7,271,69,0
BikesHelmets345_png_jpg.rf.7244b5bec05caa08259ca066911c43e9.jpg 201,69,235,128,0
BikesHelmets409_png_jpg.rf.13d69cfea44941c046cfd433fed8e67c.jpg 214,61,258,159,0 283,84,319,154,0
BikesHelmets647_png_jpg.rf.810b8263350c8fcfbc932cce58c449a3.jpg 177,25,211,84,1
BikesHelmets443_png_jpg.rf.07cecfccc331dacc89dcfac49e543f45.jpg 237,103,281,185,0 306,94,354,166,0 40,101,88,183,0 170,131,212,193,0 106,133,146,205,0
BikesHelmets33_png_jpg.rf.5adeeabe003ca1baaab21782a9a9813b.jpg 19,41,101,118,0 179,90,225,153,0
BikesHelmets176_png_jpg.rf.80db740fa43cad753ab10b2c62fa7bc6.jpg 117,56,151,116,1 263,100,283,128,1
BikesHelmets460_png_jpg.rf.73ae4c155f626a0b1d40468ce5f712dd.jpg 151,3,175,89,0 45,6,89,131,0 184,18,224,154,0
BikesHelmets225_png_jpg.rf.5ce1ddd4bfc514cfcc4497d40916d466.jpg 147,36,194,108,0
BikesHelmets259_png_jpg.rf.7ef2888f5a6b739290fe42135d9763fc.jpg 12,15,76,125,0 97,17,165,131,0 214,18,258,142,0 255,17,329,201,0
BikesHelmets637_png_jpg.rf.8609d5cf9ab35bfeb1eb0963f252f3e9.jpg 195,117,216,159,1 44,137,68,177,1 370,125,393,169,1
BikesHelmets18_png_jpg.rf.84a3bd2569cd63e920de9c89d731bd7c.jpg 145,13,192,87,0 86,11,128,91,0
BikesHelmets673_png_jpg.rf.0c0ab3609337f6a550641163864880b6.jpg 314,16,340,56,0 202,15,234,72,0 370,35,384,54,0 353,36,374,64,0 296,38,317,72,0 164,19,214,93,0 259,25,294,91,0
BikesHelmets478_png_jpg.rf.72e34609e634ca90df5d9437f0f648d6.jpg 189,0,223,72,0
BikesHelmets692_png_jpg.rf.87c4a1064edf93e962ea94e2c1263f6c.jpg 21,122,45,168,0 332,76,364,128,0 108,79,143,137,0 186,86,228,147,0
BikesHelmets301_png_jpg.rf.c9292d2f34584ad42a024c5510388dcf.jpg 164,47,253,125,0
BikesHelmets511_png_jpg.rf.9025dbf66bf4380fae63f75ca69dba03.jpg 89,11,133,101,0 281,27,323,91,0 132,43,168,116,1
BikesHelmets643_png_jpg.rf.af37dd096936e25c74a17b7d1cc6b85e.jpg 220,158,240,183,1 132,157,150,181,1 221,123,242,155,1 135,130,156,158,1
BikesHelmets163_png_jpg.rf.bc2e75700813e81ee03981e79151f0ac.jpg 197,67,224,115,0 131,47,160,93,0 56,30,84,84,0 262,95,293,145,0 320,42,356,95,0
BikesHelmets438_png_jpg.rf.bf00ead554de7b336239aab19189fe7f.jpg 185,77,216,115,1
BikesHelmets609_png_jpg.rf.d253c9974235e6d552b8c6d39020ae86.jpg 112,91,133,123,1 228,94,244,126,1 336,88,361,142,1 283,96,306,138,1 161,97,184,141,1 250,91,279,147,1 64,110,76,132,1 3,116,13,136,1 199,100,229,153,0
BikesHelmets162_png_jpg.rf.afa7afdd78e5dd465e07020c8f6f8743.jpg 261,18,309,70,0 194,22,294,103,0
BikesHelmets618_png_jpg.rf.ba31a4331f163c7786cdccce6ec94a64.jpg 296,155,312,191,0 339,163,355,195,0 379,165,391,195,0 351,169,367,197,0 116,114,143,156,0 199,134,219,174,0 216,137,230,175,1 228,144,244,178,0
BikesHelmets269_png_jpg.rf.da527144e8b088ab97d197544ed0b87a.jpg 196,22,256,117,0
BikesHelmets80_png_jpg.rf.a112f57fed2c1f3d72c2caf4d9c24180.jpg 252,0,277,39,0 1,0,34,58,0 300,0,334,61,0 328,9,346,51,1 185,6,216,74,1
BikesHelmets602_png_jpg.rf.f17176a53dd4f9a2689fba1aaa8b02bc.jpg 220,24,290,151,0
BikesHelmets474_png_jpg.rf.86a1c5e8a468a3f135ca64823f7e3c8c.jpg 273,97,289,125,0 323,98,343,132,0 396,98,414,136,0 77,93,109,147,0 204,98,233,148,0 294,107,324,157,0 386,114,408,152,0 113,112,155,179,0
BikesHelmets668_png_jpg.rf.edb15760122657fef7f3ee26d0b9c1af.jpg 161,4,201,64,1 99,31,129,93,1 239,37,265,89,1 98,35,129,92,1 349,81,383,162,1
BikesHelmets633_png_jpg.rf.916cb3a9217f754f123db88ba1306ebf.jpg 332,125,360,159,1
BikesHelmets329_png_jpg.rf.fe3b32e1b0e6b58f2d7af969561aff91.jpg 276,31,312,89,0 223,116,250,155,0 175,150,198,181,0 107,158,133,197,0
BikesHelmets505_png_jpg.rf.f6811a33e657726542ec73762f00cc0e.jpg 210,33,242,89,1 189,95,213,136,1 198,155,219,194,1 169,145,191,179,1
BikesHelmets285_png_jpg.rf.da5bb00bca92345c547722dd11ac86b4.jpg 7,109,116,204,0 96,110,250,216,0
BikesHelmets26_png_jpg.rf.efc649e79ba5d5bcf01c880099939cf9.jpg 154,111,248,255,0 217,183,297,308,0
BikesHelmets296_png_jpg.rf.f626488349b600e7a1544a92342a24c0.jpg 269,21,313,75,1 318,21,356,83,1 208,22,252,88,1
BikesHelmets577_png_jpg.rf.a1e08547f641b33dd13771700fb36da4.jpg 239,26,301,146,1
BikesHelmets335_png_jpg.rf.f13b939c824a8295f9200d39609e4aab.jpg 215,52,280,116,1